# id	left	top	right	bottom	texture_id
[SPRITES]
#FLY
71001	313	384	364	468	10
71002	376	384	427	468	10
71003	439	384	491	468	10
71004	609	384	657	468	50
71005	546	384	594	468	50
71006	483	384	531	468	50
#WALK					
71007	92	356	141	435	10
71008	149	356	198	435	10
71009	772	356	822	435	50
71010	830	356	879	435	50
#DIE					
71011	94	444	145	497	10
71012	157	444	208	497	10
71013	219	444	272	497	10
71014	220	378	278	431	10

# ani_id	sprite1_id	time1	sprite2_id	time2	...
[ANIMATIONS]
7100	71001	100	71002	100	71003	100
7101	71004	100	71005	100	71006	100
7102	71007	100	71008	100
7103	71009	100	71010	100
7104	71011	100
7105	71011	100	71012	100	71013	100
7106	71011	100	71014	100
